image: 6B_map.pgm
resolution: 0.050000
origin: [0.00000, 0.00000, 0.000000]
negate: 0
occupied_thresh: 0.6
free_thresh: 0.3

